image: catkin_ws/src/database/maps/walls.pgm
resolution: 0.050000
origin: [-12.551937, -12.092162, 0.000000]
negate: 0
occupied_thresh: 0.65
free_thresh: 0.196

