time: 2020-02-19_09:26:00
image_width: 640
image_height: 480
rotation_matrix:
  cols: 3
  rows: 3
  channels: 1
  data: [-0.10380755153669624, -0.64847330887031618, -0.75412622280805186, 0.86983652398499955, 0.3084811741578668, -0.38499842432388859, 0.48229494480623497, -0.69593227606784214, 0.53204309350031354]
translation_vector:
  cols: 1
  rows: 3
  channels: 1
  data: [-137.19952880064338, -449.76956698043176, 803.55922128671648]
camera_matrix:
  cols: 3
  rows: 3
  channels: 1
  data: [774.87568892253307, 0, 311.2148889517315, 0, 774.87568892253307, 410.01264384152523, 0, 0, 1]
distortion_coefficients:
  cols: 1
  rows: 5
  channels: 1
  data: [-0.027786463439061399, 0.35317977148473734, 0.12011335832262185, -0.051118568195887268, -0.32900910251037324]
reprojection_err: 8.15167999